2085343668
2071856262
2085243471
2085779154
2045868273
2091477863
2089353503
2055744372
2091710875
2089719747
2097963755
2028654150
2093594113
2082372369
2095874787
2088354255
2094086093
2094088378
2078950959
2070150366
2095708759
2102083035
2072081118
2097929655
2087258612
2085280989
2097930283
2101524503
2097202987
2066316468
2079041718
2093678403
2088110675
2096568199
2097281807
2100246803
2108182475
2073418011
2100009295
2097802779
2110397858
2110058870
2093908358
2106476211
2114003879
2113725533
2110341179
2113341629
2110340429
