2181613579
2181534859
2181471171
2181222379
2172741615
2181365975
2123353050
2181255963
2181407187
2176913292
2172583596
2181484463
2179333523
2176870629
2171147493
2173451589
2180952763
2177048595
2174060472
2175264408
2169372924
2169709503
2170803447
2167528752
2171223183
2177078097
2160314769
2164215387
2176873008
2179034699
2181258167
2167927071
2156090193
2179324607
2176138209
2171400315
2179231483
2176870398
2123788605
2180419347
2042160488
2180944467
2180068863
2178407598
2180510259
2179179135
2179951843
2178404367
2178845163
2178665408
2178661332
2178440877
2178907323
2176985442
2177406120
2177300112
2177261436
2176955685
2177127891
2175756351
2177051793
2175696852
2176949574
2115779898
2181613579
2181534859
2181471171
2181222379
2172741615
2181365975
2123353050
2181255963
2172583596
2181484463
2179333523
2181613579
2181534859
2181471171
2181222379
2172741615
2181365975
2123353050
2181255963
2181407187
2176913292
2172583596
2181484463
2179333523
2176870629
2171147493
2173451589
2180952763
2177048595
2174060472
2175264408
2169372924
2169709503
2170803447
2167528752
2171223183
2177078097
2160314769
2164215387
2176873008
2179034699
2181258167
2167927071
2156090193
2179324607
2176138209
2171400315
2179231483
2176870398
2123788605
2180419347
2042160488
2180944467
2180068863
2178407598
2180510259
2179179135
2179951843
2178404367
2178845163
2178665408
2178661332
2178440877
2178907323
2176985442
2177406120
2177300112
2177261436
2176955685
2177127891
2175756351
2177051793
2175696852
2176949574
2115779898
2181613579
2181534859
2181471171
2181222379
2172741615
2181365975
2123353050
2181255963
2172583596
2181484463
2179333523
2181613579
2181534859
2181471171
2181222379
2172741615
2181365975
2123353050
2181255963
2181407187
2176913292
2172583596
2181484463
2176870629
2171147493
2173451589
2180952763
2177048595
2174060472
2175264408
2169372924
2169709503
2170803447
2167528752
2171223183
2177078097
2160314769
2164215387
2176873008
2179034699
2181258167
2167927071
2156090193
2179324607
2176138209
2171400315
2179231483
2176870398
2123788605
2180419347
2042160488
2180944467
2180068863
2178407598
2180510259
2179179135
2179951843
2178404367
2178845163
2178665408
2178661332
2178440877
2178907323
2176985442
2177406120
2177300112
2177261436
2176955685
2177127891
2175756351
2177051793
2175696852
2176949574
2115779898
2181613579
2181534859
2181471171
2181222379
2172741615
2181365975
2123353050
2181255963
2172583596
2181484463
2181773235
2182452219
2181518647
2182155027
2181808735
2181795707
2181795223
2181794323
2174199645
2181534859
2181471171
2181222379
2161112097
2172741615
2181365975
2123353050
2181255963
2181407187
2176913292
2172583596
2179333523
2176870629
2171147493
2173451589
2180796215
2177048595
2174060472
2175264408
2169372924
2169710691
2170803447
2167528752
2171223183
2177078097
2160314769
2164215387
2176873008
2179034699
2181258167
2167927071
2156090193
2179324607
2176138209
2171400315
2179231483
2176870398
2123788605
2180419347
2042160488
2180944467
2180068863
2178407598
2180510259
2179179135
2179951843
2178404367
2178845163
2178665408
2178661332
2178440877
2178907323
2176985442
2181518647
2182155027
2181808735
2181795707
2181795223
2181794323
2187145363
2185110551
2185385291
2101119201
2181956887
2183827915
2176693884
2184082187
2173062102
2174633115
2184331247
2181339259
2178835759
2178453192
2183773183
2160260886
2186488543
2181338191
2181359167
2182074879
2165719518
2184927571
2101118856
2175257688
2170829115
2184422463
2184657799
2181386603
2139687021
2135485482
2176084866
2179253663
2185412203
2185294899
2185178843
2180717535
2185182511
2185713843
2180717535
2184608823
2181969911
2183172583
2184102363
2177367144
2183670595
2183134027
2181773235
2182452219
2181518647
2182155027
2181808735
2181795707
2181795223
2174199645
2181534859
2181471171
2181222379
2161112097
2187145363
2185110551
2185385291
2101119201
2181956887
2183827915
2174633115
2178835759
2178453192
2160260886
2186488543
2182074879
2165719518
2184927571
2101118856
2175257688
2170829115
2187145363
2185110551
2185385291
2101119201
2181956887
2183827915
2176693884
2184082187
2173062102
2174633115
2184331247
2181339259
2178835759
2178453192
2183773183
2160260886
2186488543
2181338191
2181359167
2182074879
2165719518
2184927571
2101118856
2175257688
2184422463
2184657799
2181386603
2139687021
2135485482
2176084866
2179253663
2185412203
2185294899
2185178843
2180717535
2185182511
2185713843
2180717535
2184608823
2181969911
2183172583
2184102363
2177367144
2183670595
2183134027
2181773235
2182452219
2181518647
2182155027
2181808735
2181795707
2181795223
2181794323
2174199645
2181534859
2181471171
2181222379
2161112097
2187145363
2185110551
2185385291
2101119201
2181956887
2183827915
2174633115
2178835759
2178453192
2160260886
2186488543
2182074879
2165719518
2184927571
2101118856
2175257688
2187385523
2101118337
2187506418
2187501288
2187494198
2187465683
2187459088
2187433433
2187420158
2187369038
2187368588
2187322453
2187145363
2185110551
2185385291
2101119201
2181956887
2183827915
2176693884
2184082187
2173062102
2174633115
2181339259
2178835759
2178453192
2183773183
2160260886
2186488543
2181338191
2181359167
2182074879
2165719518
2184927571
2101118856
2170829115
2184422463
2184657799
2181386603
2139687021
2187241658
2135485482
2176084866
2179253663
2185412203
2185294899
2185178843
2180717535
2185182511
2185713843
2180717535
2185182511
2184608823
2181969911
2183172583
2184102363
2177367144
2183670595
2183134027
2181773235
2182452219
2181518647
2182155027
2181808735
2181795707
2181795223
2181794323
2174199645
2181534859
2181471171
2181222379
2101118337
2187506418
2187501288
2187494198
2187465683
2187459088
2187433433
2187420158
2187369038
2187368588
2187145363
2185110551
2185385291
2101119201
2181956887
2192619839
2170488048
2192591639
2192546003
2192313055
2192268879
2192036899
2191904619
2192135995
2184647035
2192212715
2180167715
2168005332
2104094214
2176261326
2189964991
2189974491
2189949587
2174986257
2186747603
2177241393
2174883744
2184927419
2187234543
2192694455
2185234275
2172660768
2179948399
2178907507
2164666146
2167704588
2189477275
2184326167
2192185287
2189968787
2134162104
2184622695
2174986569
2191462379
2186203078
2191332439
2191159459
2176261326
2175269355
2191987807
2190984539
2190070951
2190141459
2161657020
2179974239
2186159168
2184920183
2190109231
2189954143
2189954143
2191448167
2188981547
2187381898
2188512367
2186949678
2181532879
2187385523
2101118337
2187506418
2187501288
2187494198
2187465683
2187459088
2187433433
2187420158
2187369038
2187368588
2187322453
2187145363
2185110551
2170488048
2192591639
2192546003
2192313055
2192268879
2192036899
2191904619
2192135995
2184647035
2192212715
2180167715
2168005332
2104094214
2176261326
2198096503
2195758055
2197736951
2197691387
2197202151
2197240583
2196638335
2196500403
2195665383
2197590783
2192746667
2194640291
2194599943
2197099363
2195746607
2195929943
2195218779
2195215115
2195790207
2197265899
2192914355
2197167567
2192236847
2195930327
2195931511
2195669659
2195928679
2195930151
2195244751
2194780687
2196540391
2196082371
2192942359
2195669659
2196299383
2196236987
2195843627
2195746607
2192942239
2193463815
2192316511
2192746667
2192619839
2192591639
2192546003
2192313055
2192268879
2195410795
2192526703
2196759703
2197736951
2057487476
2173463778
2197691387
2185629868
2197202151
2197240583
2196638335
